1   34.058372   -117.822957
2   34.058209   -117.823133
3   34.058064   -117.823253
4   34.058155   -117.823006
5   34.058220   -117.822881
6   34.058770   -117.824580
7   34.058793   -117.824492
8   34.058825   -117.824380
9   34.058373   -117.824203
10   34.057942   -117.824000
11   34.057962   -117.823947
12   34.058475   -117.823943
13   34.058642   -117.823951
14   34.058567   -117.823850
15   34.058023   -117.823797
16   34.057805   -117.823848
17   34.057924   -117.823587
18   34.058114   -117.823651
19   34.058413   -117.823717
20   34.058488   -117.823761
21   34.058674   -117.823725
22   34.058729   -117.823712
23   34.058616   -117.823621
24   34.058449   -117.823626
25   34.058575   -117.823494
26   34.059158   -117.823602
27   34.059164   -117.823477
28   34.058982   -117.823351
29   34.058785   -117.823243
30   34.058644   -117.823150
31   34.058433   -117.823018
